36
39
43
48
51
44
51
48
61
42
48
50
54
55
56
42
44
47
53
54
54
54
49
60
43
50
47
47
50
48
41
44
48
53
56
49
56
53
66
47
53
55
59
60
61
47
49
52
58
59
59
59
54
65
48
55
52
52
55
53
46
49
53
58
61
54
61
58
71
52
58
60
64
65
66
52
54
57
63
64
64
64
59
70
53
60
57
57
60
58
51
54
58
63
66
59
66
63
76
57
63
65
69
70
71
57
59
62
68
69
69
69
64
75
58
65
62
62
65
63
56
59
63
68
71
64
71
68
81
62
68
70
74
75
76
62
64
67
73
74
74
74
69
80
63
70
67
67
70
68
61
64
68
73
76
69
76
73
86
67
73
75
79
80
81
67
69
72
78
79
79
79
74
85
68
75
72
72
75
73
66
69
73
78
81
74
81
78
91
72
78
80
84
85
86
72
74
77
83
84
84
