6
7
8
9
13
16
13
19
16
16
19
22
21
27
30
43
25
20
19
16
14
10
10
15
14
18
20
28
24
24
33
26
33
29
30
28
33
31
42
31
35
34
41
36
32
26
35
29
29
30
24
28
25
39
25
35
25
22
16
14
13
16
15
15
17
17
21
21
30
23
33
25
22
22
24
28
26
36
30
46
38
60
38
41
44
57
38
42
27
23
24
22
24
28
31
37
39
38
38
48
37
38
44
54
46
62
54
53
64
69
74
82
81
86
83
83
79
95
92
92
99
97
97
121
103
122
119
132
115
162
140
152
164
133
119
103
121
99
111
109
97
117
115
113
113
103
101
99
95
97
97
89
109
101
137
105
123
143
163
171
165
183
153
165
142
150
142
138
136
128
120
116
108
98
90
100
92
100
86
92
92
80
90
88
88
86
84
106
94
126
114
132
138
164
142
170
164
166
130
126
148
116
134
100
108
114
124
120
104
102
124
98
118
110
118
130
110
132
114
98
100
104
88
82
90
82
92
70
68
58
78
66
72
62
58
58
50
52
54
46
42
42
46
46
46
46
46
46
46
46
46
46
46
46
46
46
46
46
46
46
46
46
46
46
46
46
46
46
46
46
46
46
46
46
46
46
46
46
46
46
46
46
46
46
46
46
46
46
46
46
46
46
46
46
46
