5
6
7
9
8
9
12
11
18
11
11
10
13
16
19
19
23
25
35
25
32
27
37
30
46
39
45
30
31
29
27
32
32
39
34
29
34
31
34
36
33
31
29
34
31
42
37
36
45
48
64
45
60
50
67
58
66
68
72
72
79
75
80
67
69
73
65
56
61
52
53
60
65
70
71
73
65
69
77
75
67
77
77
73
84
74
87
95
90
97
98
92
103
93
97
100
95
114
108
121
121
124
125
123
132
138
150
163
152
139
145
138
144
153
152
144
135
140
137
152
148
146
147
172
167
173
161
168
164
163
178
174
174
179
162
188
167
177
161
176
182
174
167
180
188
195
197
199
221
221
214
188
195
209
204
183
188
189
185
189
185
192
179
186
173
174
184
206
181
184
165
164
155
168
140
149
141
160
162
140
152
133
142
133
135
147
149
142
147
147
145
155
146
151
132
131
122
143
119
137
120
130
119
117
115
125
118
131
114
119
111
128
110
118
102
108
109
102
110
110
108
101
109
109
105
128
105
119
113
127
126
130
123
131
136
149
148
134
139
124
126
132
124
143
133
148
137
160
145
154
144
159
153
155
152
131
141
131
132
143
146
153
141
146
154
163
164
168
165
158
168
158
170
154
163
153
160
160
177
167
193
171
180
151
143
142
146
150
149
147
149
150
159
159
165
165
159
176
170
161
168
167
153
167
161
176
182
190
189
187
195
191
169
182
168
172
164
162
161
158
160
150
153
153
154
160
158
178
170
169
174
166
169
169
164
170
173
172
169
181
181
156
151
148
144
145
138
141
145
146
160
145
141
152
150
147
142
154
140
146
142
144
148
149
149
154
147
177
152
161
155
165
171
157
160
167
165
163
162
176
177
172
168
178
174
173
190
189
187
173
170
169
173
178
182
188
190
178
191
193
195
171
174
162
156
161
167
175
185
196
205
212
199
174
170
167
168
175
182
174
175
178
169
171
167
170
166
163
164
166
155
174
159
169
160
167
169
157
156
148
154
143
153
143
151
138
142
129
128
132
132
136
137
125
131
131
136
139
144
140
144
146
158
162
163
167
168
169
179
173
177
166
157
153
163
164
166
172
186
192
196
188
199
201
188
184
185
171
161
163
168
154
162
145
162
151
159
165
176
165
174
